latitude, longitude
32.606555389965, -85.481740469326
32.606560430745, -85.481739928789
32.606566251314, -85.481739933872
32.606571591532, -85.481739868290
32.606577240296, -85.481740429771
32.606582340286, -85.481739959976
32.606587707898, -85.481740134268
32.606593088487, -85.481740004058
32.606598484390, -85.481739956698
32.606604191767, -85.481739932223
32.606609317816, -85.481740073805
32.606614164917, -85.481740094844
32.606619726805, -85.481739442930
32.606625419605, -85.481739965919
32.606630496666, -85.481739876959
32.606636056005, -85.481739437851
32.606641695765, -85.481740436413
32.606646763849, -85.481740088231
32.606652350370, -85.481739870134
32.606657665529, -85.481740298284
32.606663072380, -85.481740073734
32.606668468699, -85.481739786687
32.606673755454, -85.481739697647
32.606679392425, -85.481739596792
32.606684967090, -85.481739867365
32.606689811471, -85.481739589295
32.606695461463, -85.481739767389
32.606700647020, -85.481738947559
32.606706559572, -85.481739271697
32.606711716360, -85.481739299813
32.606716957892, -85.481738894538
32.606722636025, -85.481739062107
32.606727656701, -85.481739285954
32.606733627485, -85.481738608560
32.606738978387, -85.481738028186
32.606744057113, -85.481738570495
32.606749669607, -85.481738623718
32.606754322940, -85.481738623467
32.606759908868, -85.481738266166
32.606765364439, -85.481737698904
32.606771472700, -85.481737942904
32.606776516910, -85.481738170949
32.606782200677, -85.481737555780
32.606786805205, -85.481737430148
32.606792480181, -85.481737395383
32.606797663185, -85.481737502371
32.606803326309, -85.481737143387
32.606808322911, -85.481736830642
32.606814056056, -85.481736972697
32.606819333647, -85.481736456933
32.606824949653, -85.481735925780
32.606830286148, -85.481735598689
32.606835785690, -85.481735524032
32.606841413059, -85.481735411608
32.606845821593, -85.481734930662
32.606851559332, -85.481734661377
32.606856659726, -85.481734372092
32.606862913103, -85.481734589596
32.606868031620, -85.481734150374
32.606872943359, -85.481733542819
32.606878530249, -85.481733298764
32.606883927852, -85.481733206422
32.606889454109, -85.481732701596
32.606894607354, -85.481731891281
32.606900402927, -85.481732666536
32.606905685845, -85.481731889336
32.606910891711, -85.481731352130
32.606916368782, -85.481730746764
32.606922052982, -85.481730432665
32.606926718959, -85.481730309370
32.606932164339, -85.481729836687
32.606938038495, -85.481729507778
32.606943187756, -85.481728913302
32.606948643618, -85.481728565318
32.606954033596, -85.481728273930
32.606959485253, -85.481727387155
32.606965023764, -85.481727233314
32.606970158296, -85.481726825192
32.606975392204, -85.481726248462
32.606980859571, -85.481725561287
32.606986165739, -85.481725185885
32.606991333601, -85.481724564792
32.606996949790, -85.481724340687
32.607002391594, -85.481723196115
32.607007736289, -85.481723023732
32.607013141855, -85.481723043100
32.607018689409, -85.481721388042
32.607024109844, -85.481721245133
32.607029117164, -85.481721421164
32.607034329933, -85.481720059008
32.607039887065, -85.481719170102
32.607045907926, -85.481718968245
32.607050923549, -85.481718035410
32.607056215085, -85.481717729925
32.607061837799, -85.481717149646
32.607066582793, -85.481716470008
32.607072216396, -85.481716071200
32.607077627075, -85.481715023140
32.607082929343, -85.481714372243
32.607087861184, -85.481713905017
32.607094089359, -85.481713911685
32.607098998947, -85.481712707876
32.607104564021, -85.481711902141
32.607109866919, -85.481711366248
32.607115091652, -85.481710488471
32.607119843671, -85.481710457744
32.607125654799, -85.481709314696
32.607131355002, -85.481708608431
32.607136356171, -85.481707738647
32.607142067652, -85.481707213544
32.607147462812, -85.481706677659
32.607152743609, -85.481705595437
32.607158096459, -85.481704954755
32.607163262844, -85.481704035910
32.607168583716, -85.481703531426
32.607173842279, -85.481702863208
32.607179405213, -85.481702245308
32.607184558791, -85.481701295370
32.607190279539, -85.481701119056
32.607195480712, -85.481699362363
32.607200519253, -85.481699058931
32.607206381725, -85.481698673242
32.607211464690, -85.481698103097
32.607216922528, -85.481697263629
32.607222145916, -85.481696578136
32.607227816311, -85.481695532769
32.607232996623, -85.481694770889
32.607238245131, -85.481693875842
32.607243842982, -85.481693405452
32.607248560258, -85.481692435081
32.607254149338, -85.481692395638
32.607259772488, -85.481690838504
32.607264861525, -85.481690078632
32.607270421894, -85.481689458566
32.607275916574, -85.481689137669
32.607281106415, -85.481687892772
32.607286477511, -85.481687089936
32.607291377934, -85.481686209678
32.607297109304, -85.481685845780
32.607302323829, -85.481685596807
32.607307824762, -85.481684829920
32.607313258829, -85.481684182691
32.607318698161, -85.481683138226
32.607323845155, -85.481682545659
32.607328794893, -85.481681132250
32.607334618610, -85.481680867385
32.607340367927, -85.481680368013
32.607345090214, -85.481678962554
32.607351001080, -85.481678538837
32.607355635924, -85.481678185859
32.607361151790, -85.481677441984
32.607366838351, -85.481676532842
32.607371957310, -85.481676026437
32.607377439669, -85.481675063605
32.607382804691, -85.481674183105
32.607388243952, -85.481673861616
32.607393277367, -85.481673140090
32.607398724406, -85.481672408594
32.607404248583, -85.481671809951
32.607409174628, -85.481671146705
32.607415282613, -85.481670038584
32.607420066476, -85.481669799833
32.607425523929, -85.481668770905
32.607431090287, -85.481668677299
32.607436603409, -85.481667749309
32.607441704120, -85.481667568394
32.607447010835, -85.481666286835
32.607452397627, -85.481666101736
32.607458346795, -85.481664764785
32.607463383712, -85.481664543469
32.607468509233, -85.481663170083
32.607473700112, -85.481663005281
32.607479572318, -85.481662665455
32.607484556428, -85.481661706416
32.607489862159, -85.481661640688
32.607495247440, -85.481660348823
32.607500777477, -85.481660205250
32.607506080832, -85.481658923341
32.607511434705, -85.481658356495
32.607516920513, -85.481658108018
32.607521864846, -85.481657559536
32.607527633343, -85.481657338296
32.607532587949, -85.481655745314
32.607537996876, -85.481655631609
32.607544245270, -85.481654505521
32.607548963634, -85.481654487335
32.607554304076, -85.481653550708
32.607559482604, -85.481653109601
32.607565335165, -85.481653165054
32.607570657926, -85.481652419595
32.607576102124, -85.481651661953
32.607581331078, -85.481651309309
32.607586291828, -85.481650516865
32.607592196138, -85.481650358692
32.607597157338, -85.481649088914
32.607602861025, -85.481648667723
32.607608367811, -85.481648151025
32.607613372316, -85.481647677743
32.607618861537, -85.481646982535
32.607624057575, -85.481646654664
32.607629841288, -85.481645895957
32.607635057203, -85.481645635579
32.607640373748, -85.481644671654
32.607645578258, -85.481644078749
32.607651194065, -85.481643743262
32.607656421008, -85.481643273513
32.607662016824, -85.481642848427
32.607667523953, -85.481642421962
32.607672396791, -85.481640932552
32.607677636518, -85.481641017252
32.607683181939, -85.481640517506
32.607688651488, -85.481639889480
32.607694013272, -85.481639618309
32.607699422460, -85.481639377095
32.607704616390, -85.481638809737
32.607709898505, -85.481637754031
32.607715285321, -85.481637166956
32.607721255473, -85.481637159927
32.607726374464, -85.481636766817
32.607731802634, -85.481635337256
32.607736779909, -85.481635488804
32.607742205346, -85.481635038266
32.607747304394, -85.481634053086
32.607753010229, -85.481633177272
32.607758749545, -85.481633691542
32.607764121485, -85.481632887789
32.607769215122, -85.481631930610
32.607774640377, -85.481631479753
32.607779986810, -85.481631449847
32.607785294474, -85.481630882237
32.607790418668, -85.481629841335
32.607795690387, -85.481629643241
32.607801097906, -85.481629463893
32.607807006378, -85.481628016560
32.607811914626, -85.481627777231
32.607817505558, -85.481627599742
32.607823112105, -85.481626921283
32.607828479934, -85.481626382204
32.607833951779, -85.481626156867
32.607839139789, -85.481625616022
32.607844734953, -85.481624399960
32.607849429045, -85.481624435286
32.607854969337, -85.481624187320
32.607860661140, -85.481623187198
32.607865913443, -85.481623227004
32.607871072076, -85.481622376849
32.607876721724, -85.481621943834
32.607882190883, -85.481621410033
32.607887250831, -85.481620744139
32.607893000307, -85.481620474068
32.607897754153, -85.481619976855
32.607903874532, -85.481619151238
32.607908936737, -85.481618817209
32.607914179218, -85.481618439278
32.607919834452, -85.481617827143
32.607925066793, -85.481617387263
32.607930639875, -85.481616847989
32.607935728997, -85.481616039833
32.607941026098, -85.481615880073
32.607946510285, -85.481614986064
32.607951933647, -85.481614781849
32.607957294578, -85.481613707524
32.607962427252, -85.481613473271
32.607967637698, -85.481613424553
32.607973574225, -85.481612241677
32.607978983140, -85.481612286769
32.607984037030, -85.481611266658
32.607989109682, -85.481610782725
32.607994641944, -85.481610455109
32.608000045344, -85.481609743999
32.608005552127, -85.481609514631
32.608010891256, -85.481608568374
32.608016329589, -85.481607888386
32.608021751798, -85.481607680405
32.608026624662, -85.481607174329
32.608032322531, -85.481606239975
32.608037711955, -85.481605732647
32.608043809854, -85.481605159233
32.608048621721, -85.481604590572
32.608053804224, -85.481604207044
32.608059029702, -85.481603335813
32.608064437963, -85.481603808970
32.608069979343, -85.481602438625
32.608075358061, -85.481601854856
32.608080739022, -85.481601391515
32.608086202848, -85.481600774309
32.608091337075, -85.481600066319
32.608096981938, -85.481599626807
32.608102257726, -85.481599049393
32.608107678071, -85.481598863860
32.608112724387, -85.481598300834
32.608118428283, -85.481597380936
32.608123606751, -85.481596288281
32.608129240848, -85.481595897011
32.608134369770, -85.481595263698
32.608139494236, -85.481594582751
32.608145101853, -85.481594573277
32.608150330171, -85.481594198868
32.608155854931, -85.481593256043
32.608160742420, -85.481592554557
